0,273
0,270
10,229
10,19
10,305
10,147
10,23
10,123
10,161
10,181
11,5
11,2
11,3
9,3
8,12
8,9
8,15
8,6
8,16
8,2
8,3
14,1
14,3
13,1
13,3
2,2
2,1
2,3
464,5
464,1
460,35
460,34
460,33
460,32
460,31
460,30
460,29
460,28
460,27
460,26
460,25
460,24
460,23
460,22
460,21
460,20
460,19
460,18
460,17
460,16
460,15
460,14
460,13
460,12
460,11
460,10
460,9
460,8
460,7
460,6
460,5
460,4
460,3
460,2
460,1
460,0
456,6
456,1
452,10
452,9
452,8
452,7
452,6
452,5
452,4
452,3
452,2
452,1
450,3
450,1
448,5
448,4
448,3
448,2
448,1
446,5
446,4
446,3
446,2
446,1
446,0
24,3
24,1
20,3
20,2
20,1
19,3
19,2
19,1
18,3
18,1
12,3
12,2
12,1
11,30
11,29
11,28
11,27
11,26
11,25
11,24
11,23
11,22
11,21
11,20
11,19
11,18
11,17
11,16
11,15
11,14
